Lot H
#Polygon_0
48.76383048956746, 2.2880135297012405
48.763056092388844, 2.288678717536934
48.76306670065002, 2.2880242585373

Lot G
#Polygon_1
48.763653687610514, 2.288426589889534
48.76430431574292, 2.2878955125045852
48.764428075574834, 2.2891561507415847
48.763727944508226, 2.2893814562988357

Lot E
#Polygon_2
48.76428309974111, 2.287621927185066
48.764102763363894, 2.28777749530793
48.76398607477472, 2.286425661964424
48.76429017174269, 2.2864202975463943

Lot F
#Polygon_3
48.76399668283952, 2.287471723480232
48.76388441404052, 2.286425661964424
48.76306846869337, 2.286425661964424
48.76307377282292, 2.2874663590622024

Lot M
#Polygon_4
48.76294293746335, 2.2876594781112747
48.76246733037951, 2.2876433848571853
48.76255396546261, 2.286854815406807
48.76262115175071, 2.2868870019149856
48.76267772960784, 2.286452484054573
48.762932329176046, 2.286551725788124


Lot K
#Polygon_5
48.76455537108378, 2.290475797576912
48.76462609067155, 2.2913046001625137
48.76427249173685, 2.291417252941139
48.763883530033205, 2.2913877486419754
48.76383756163288, 2.290620636863716

Lot A
#Polygon_6
48.76462962664828, 2.287356388492592
48.7650044387745, 2.2870211123657302
48.764817917051936, 2.2866040288639145
48.76474277777365, 2.2859965085220413
48.764496143352346, 2.286007237358101

Groupe Scolaire GS
#Polygon_7
48.76500620674964, 2.2870211123657302
48.765543668294164, 2.28653295032502
48.76549416549766, 2.285953593177803
48.76474189378143, 2.2859965085220413
48.764818801042786, 2.286602687759407


Lot R
#Polygon_8
48.76465261049126, 2.2876152176412257
48.764723329942086, 2.288527168706289
48.76531029754058, 2.2883179564031275
48.76516886019241, 2.2871967930349024

Lot T
#Polygon_9
48.764723329942086, 2.2885969061406763
48.7647940492934, 2.290324248746267
48.76549770141342, 2.290206231549612
48.765320905325694, 2.2883876938375147

Lot D
#Polygon_10
48.76490896802674, 2.291179873422018
48.764817033061064, 2.2904181260617884
48.76560201081316, 2.2902840156110438
48.7656621212163, 2.29062733836495
48.76527317027528, 2.2909652967008265

Lot S
#Polygon_11
48.76560554672119, 2.2901713628324183
48.766150073591234, 2.2900962609800013
48.76620311160718, 2.289903141930929
48.76609349964582, 2.2891078669580134
48.76551007711619, 2.289275505021444

Lot C
#Polygon_12
48.76608642789818, 2.2890488583596857
48.765501237328756, 2.2892218608411463
48.7654075354864, 2.288355507329336
48.765955600386874, 2.288183845952383

College CG
#Polygon_13
48.76593438508265, 2.28806448765122
48.76539692771962, 2.288246877864233
48.76525549061544, 2.2871096212419184
48.76551007711616, 2.286916502192846
48.76578587770217, 2.2869594175370844

Lot L
#Polygon_14
48.763793671687814, 2.291382657440475
48.76301573785129, 2.291130529793075
48.76302634612096, 2.2907764782031093
48.76374063112721, 2.2906504143794093

Lot I
#Polygon_15
48.76373380915695, 2.2894482308534414
48.76382221007219, 2.2904916101602346
48.76454355572542, 2.29035213529146
48.76443394014175, 2.2892256075052053

Lot P
#Polygon_16
48.762947529194626, 2.2880308499753754
48.76248783473027, 2.288036214393405
48.761900834143844, 2.28791283277872
48.761868124572075, 2.2881595960080903
48.7623852869296, 2.2883044352948945
48.76225268170453, 2.2894081643045228
48.76173463393651, 2.289291488212375
48.76167805501699, 2.2896777263105195
48.762017527577896, 2.2897581925809662
48.76283791012744, 2.288840877097873
48.76284144623007, 2.28817032484415
48.76294752919457, 2.28816496042612

Lot J
#Polygon_17
48.763538182472224, 2.2885068743542103
48.76303464528633, 2.2889229384089793
48.76307884637873, 2.2891214218760814
48.76357920003211, 2.289057048859724

Lot N
#Polygon_18
48.76303199321962, 2.288928302827009
48.762223106316334, 2.2898161140109385
48.762155919495754, 2.290234538617262
48.76229736532917, 2.290234538617262
48.76235040741404, 2.2899448600436534
48.76288436128119, 2.2892957654620494
48.76308238246445, 2.2891241040850963

Lot O
#Polygon_19
48.763578316019476, 2.2890583899642314
48.7637011936299, 2.290508123936781
48.763008124612206, 2.2906636920596446
48.76298690806283, 2.2911196675921763
48.76238930490731, 2.2909104552890147
48.762399913309345, 2.2906905141497935
48.76210641335995, 2.290674420895704
48.762152383344805, 2.2902399030352916
48.762300901469935, 2.290229174199232
48.76235040741407, 2.2899394956256236
48.762619153116354, 2.289625677170881
48.76288436128116, 2.289301129880079
48.76308238246445, 2.2891254451896037
